time,seconds_elapsed,z,y,x
1772798016107043600,0.102043701171875,-1.128747820854187,0.8084486722946167,1.430651068687439
1772798016117070300,0.1120703125,-1.134371042251587,0.6916887760162354,1.1685227155685425
1772798016127096300,0.122096435546875,-1.0594161748886108,0.5620108246803284,0.930819571018219
1772798016137123300,0.132123291015625,-0.9617592096328735,0.4603528678417206,0.7288107872009277
1772798016147150600,0.142150634765625,-0.8890578746795654,0.46228015422821045,0.5660714507102966
1772798016157176600,0.152176513671875,-0.8612930774688721,0.5670779347419739,0.41364729404449463
1772798016167203300,0.162203369140625,-0.8537926077842712,0.7126592993736267,0.2644985318183899
1772798016177229300,0.172229248046875,-0.858527421951294,0.881341278553009,0.08544009178876877
1772798016187255800,0.182255859375,-0.8814852833747864,1.0369267463684082,-0.11739996820688248
1772798016197283000,0.192282958984375,-0.8974556922912598,1.1520836353302002,-0.3414357304573059
1772798016207309000,0.20230908203125,-0.8900814652442932,1.155625343322754,-0.5445773601531982
1772798016217336000,0.212336181640625,-0.8716126680374146,1.0911449193954468,-0.7147970199584961
1772798016227361800,0.22236181640625,-0.8587750792503357,0.9941604733467102,-0.8780354261398315
1772798016237388800,0.232388916015625,-0.8802928924560547,0.8890143632888794,-1.0328867435455322
1772798016247414800,0.242414794921875,-0.9181504249572754,0.8002691864967346,-1.134482502937317
1772798016257442000,0.252442138671875,-0.9583373069763184,0.7811585664749146,-1.1821118593215942
1772798016267469000,0.262468994140625,-0.9979752898216248,0.7891240119934082,-1.1435871124267578
1772798016277494800,0.272494873046875,-1.034207820892334,0.8251441121101379,-1.0305112600326538
1772798016287521800,0.282521728515625,-1.0561200380325317,0.8812229037284851,-0.8810531497001648
1772798016297547800,0.2925478515625,-1.0186408758163452,0.9230166673660278,-0.7713868618011475
1772798016307575000,0.302574951171875,-0.9158895611763,0.9227986931800842,-0.7094652056694031
1772798016317601800,0.312601806640625,-0.8158745765686035,0.8253291249275208,-0.616975724697113
1772798016327627800,0.322627685546875,-0.7724029421806335,0.6027315855026245,-0.4868723154067993
1772798016337654800,0.33265478515625,-0.7913033962249756,0.31402918696403503,-0.339365154504776
1772798016347681000,0.342680908203125,-0.848315417766571,-0.03940209373831749,-0.18330083787441254
1772798016357708000,0.3527080078125,-0.9956334829330444,-0.5283616781234741,-0.12997211515903473
1772798016367734000,0.362734130859375,-1.1109005212783813,-1.0515224933624268,-0.19387608766555786
1772798016377760800,0.3727607421875,-1.0421643257141113,-1.4751248359680176,-0.1826266348361969
1772798016387787800,0.382787841796875,-0.8945354223251343,-1.8878408670425415,-0.32182547450065613
1772798016397814000,0.39281396484375,-0.9896161556243896,-2.4336612224578857,-0.9113156795501709
1772798016407841000,0.402841064453125,-1.199777603149414,-2.846923589706421,-1.7024857997894287
1772798016417867000,0.412866943359375,-1.4614877700805664,-2.9177987575531006,-1.9599826335906982
1772798016427893800,0.422893798828125,-1.7163798809051514,-2.50888991355896,-1.0376731157302856
1772798016437921000,0.432921142578125,-1.8752590417861938,-1.6074644327163696,0.708523154258728
1772798016447947000,0.442947021484375,-1.9703186750411987,-0.6094956398010254,2.1895716190338135
1772798016457974000,0.45297412109375,-2.001755714416504,-0.08451627939939499,2.8741390705108643
1772798016468000000,0.463,-1.945152997970581,-0.1678796112537384,2.8408780097961426
1772798016478026800,0.47302685546875,-1.8928676843643188,-0.6590104699134827,2.430027961730957
1772798016488054000,0.483053955078125,-1.881402611732483,-1.239461898803711,2.0011677742004395
1772798016498080000,0.493080078125,-1.8700921535491943,-1.6948432922363281,1.7433305978775024
1772798016508107000,0.50310693359375,-1.8142496347427368,-1.8938672542572021,1.6521635055541992
1772798016518133000,0.513133056640625,-1.6665228605270386,-1.8063253164291382,1.663622260093689
1772798016528159700,0.52315966796875,-1.4482508897781372,-1.5806797742843628,1.7819523811340332
1772798016538185700,0.533185791015625,-1.224468469619751,-1.3664202690124512,1.9268338680267334
1772798016548213000,0.543212890625,-1.0068259239196777,-1.102622628211975,2.030435085296631
1772798016558240000,0.553239990234375,-0.8799110651016235,-0.8106906414031982,2.0901782512664795
1772798016568266000,0.563265869140625,-0.8896405696868896,-0.4979875981807709,2.11259126663208
1772798016578292700,0.573292724609375,-1.0091652870178223,-0.2293979674577713,2.0346250534057617
1772798016588318700,0.583318603515625,-1.1726657152175903,-0.062205489724874496,1.883937954902649
1772798016598346000,0.593345947265625,-1.294748306274414,0.011534778401255608,1.6732230186462402
1772798016608373000,0.603373046875,-1.3431696891784668,-0.034700263291597366,1.3616681098937988
1772798016618399000,0.61339892578125,-1.2743192911148071,-0.12267325818538666,0.9305691123008728
1772798016628425700,0.62342578125,-1.139182448387146,-0.2081347107887268,0.42600494623184204
1772798016638451700,0.63345166015625,-1.0128144025802612,-0.21852396428585052,-0.07400649040937424
1772798016648479000,0.64347900390625,-0.927039384841919,-0.18059979379177094,-0.5740736126899719
1772798016658506000,0.653506103515625,-0.8836572766304016,-0.2030627727508545,-1.0567946434020996
1772798016668532000,0.663531982421875,-0.861138641834259,-0.29332563281059265,-1.5132349729537964
1772798016678558700,0.673558837890625,-0.8710306882858276,-0.40548333525657654,-1.9450726509094238
1772798016688585000,0.6835849609375,-0.963843822479248,-0.48368018865585327,-2.2756478786468506
1772798016698612000,0.693612060546875,-1.1093651056289673,-0.5086992383003235,-2.502419948577881
1772798016708639000,0.703638916015625,-1.2715559005737305,-0.473435640335083,-2.618590831756592
1772798016718665000,0.7136650390625,-1.4259878396987915,-0.4052925407886505,-2.6439225673675537
1772798016728691700,0.723691650390625,-1.5645320415496826,-0.3184700012207031,-2.5980000495910645
1772798016738718000,0.733718017578125,-1.6882473230361938,-0.2022499144077301,-2.4867677688598633
1772798016748745000,0.743744873046875,-1.7730752229690552,-0.10155697911977768,-2.3149592876434326
1772798016758772000,0.75377197265625,-1.7644671201705933,0.002956645330414176,-2.1066811084747314
1772798016768798000,0.7637978515625,-1.675962209701538,0.11377806961536407,-1.8973650932312012
1772798016778825000,0.773824951171875,-1.576424241065979,0.18264901638031006,-1.6901055574417114
1772798016788851000,0.783850830078125,-1.5105191469192505,0.18834470212459564,-1.5241936445236206
1772798016798878000,0.7938779296875,-1.5095356702804565,0.16681064665317535,-1.4215612411499023
1772798016808905000,0.803905029296875,-1.597705364227295,0.1329207420349121,-1.3277883529663086
1772798016818931000,0.813930908203125,-1.7802379131317139,0.009627838619053364,-1.1932438611984253
1772798016828958000,0.8239580078125,-1.9796016216278076,-0.12532398104667664,-1.0146090984344482
1772798016838984000,0.83398388671875,-2.114997148513794,-0.21932105720043182,-0.8242633938789368
1772798016849011000,0.844010986328125,-2.127002716064453,-0.4182893633842468,-0.6662702560424805
1772798016859038000,0.854037841796875,-2.0349135398864746,-0.7032090425491333,-0.5485915541648865
1772798016869064000,0.86406396484375,-1.9023525714874268,-0.8566926121711731,-0.5497927069664001
1772798016879091000,0.874091064453125,-1.783335566520691,-0.7789719700813293,-0.7975556254386902
1772798016889117000,0.884116943359375,-1.6500561237335205,-0.29250726103782654,-1.0542720556259155
1772798016899144000,0.89414404296875,-1.7227703332901,0.5831851363182068,-1.2294824123382568
1772798016909171000,0.9041708984375,-2.1661813259124756,1.1345969438552856,-1.499540090560913
1772798016919197000,0.914197021484375,-2.150379180908203,0.9256638884544373,-1.4855153560638428
1772798016929224000,0.924223876953125,-0.7665812969207764,0.3113715946674347,-0.5450792908668518
1772798016939250000,0.93425,0.5610731840133667,-0.7286868095397949,1.7088487148284912
1772798016949277000,0.94427685546875,1.1699461936950684,-1.3593403100967407,3.8787779808044434
1772798016959304000,0.954303955078125,1.1505125761032104,-0.8105903267860413,4.037199974060059
1772798016969330000,0.964329833984375,0.6213880181312561,0.36438581347465515,4.1016411781311035
1772798016979357000,0.97435693359375,-0.05983101204037666,1.1176164150238037,3.7951507568359375
1772798016989383000,0.9843828125,-0.36189135909080505,1.1845828294754028,3.2352142333984375
1772798016999410000,0.994409912109375,-0.5488982796669006,1.2235437631607056,3.172163724899292
1772798017009437000,1.00443701171875,-0.6522440910339355,1.135317087173462,3.226980686187744
1772798017019463000,1.014462890625,-0.5350056290626526,0.8441901803016663,3.05346417427063
1772798017029490000,1.024489990234375,-0.3423260748386383,0.3490429222583771,2.636828660964966
1772798017039516000,1.034515869140625,-0.18326479196548462,-0.28690290451049805,2.0224578380584717
1772798017049543000,1.04454296875,-0.19901098310947418,-0.8789780735969543,1.431760549545288
1772798017059570000,1.05456982421875,-0.3687840402126312,-1.3585399389266968,1.0058298110961914
1772798017069596000,1.064595947265625,-0.5566328167915344,-1.6414541006088257,0.8261098861694336
1772798017079623000,1.074622802734375,-0.6246091723442078,-1.6810846328735352,0.7916480302810669
1772798017089649000,1.08464892578125,-0.5301207304000854,-1.5096815824508667,0.8036277890205383
1772798017099676000,1.094676025390625,-0.2897387742996216,-1.137725591659546,0.8429861068725586
1772798017109703000,1.104702880859375,-0.013753803446888924,-0.7062444686889648,0.8558260798454285
1772798017119729200,1.114729248046875,0.20968514680862427,-0.2633061707019806,0.8081539273262024
1772798017129756000,1.124755859375,0.34697073698043823,0.13897693157196045,0.6790482997894287
1772798017139783000,1.134782958984375,0.30840176343917847,0.44097885489463806,0.4594224691390991
1772798017149809000,1.144808837890625,0.15615713596343994,0.617638111114502,0.14090555906295776
1772798017159836000,1.1548359375,-0.08313347399234772,0.6816852688789368,-0.24514228105545044
1772798017169862100,1.164862060546875,-0.32234179973602295,0.6691810488700867,-0.6924024820327759
1772798017179889000,1.174888916015625,-0.5311014652252197,0.5315049290657043,-1.183122158050537
1772798017189916000,1.184916015625,-0.6604960560798645,0.3704923391342163,-1.6602158546447754
1772798017199942000,1.19494189453125,-0.7234781980514526,0.22296735644340515,-2.0284998416900635
1772798017209969200,1.20496923828125,-0.7259693145751953,0.09998834133148193,-2.192633628845215
1772798017219995100,1.2149951171875,-0.688937783241272,-0.019388386979699135,-2.162173271179199
1772798017230022000,1.22502197265625,-0.6468380093574524,-0.1287236213684082,-1.9958267211914062
1772798017240049000,1.235048828125,-0.6281953454017639,-0.24820421636104584,-1.8147821426391602
1772798017250075000,1.245074951171875,-0.5838587284088135,-0.34293365478515625,-1.689703345298767
1772798017260102100,1.25510205078125,-0.5543050765991211,-0.42961475253105164,-1.6535218954086304
1772798017270128000,1.265128173828125,-0.5289692282676697,-0.5480343103408813,-1.6830265522003174
1772798017280155000,1.27515478515625,-0.4937385618686676,-0.6554962992668152,-1.7292736768722534
1772798017290182000,1.285181884765625,-0.4352770447731018,-0.7372922897338867,-1.7959131002426147
1772798017300207900,1.295207763671875,-0.38336989283561707,-0.7483593225479126,-1.8843564987182617
1772798017310235100,1.305235107421875,-0.36052417755126953,-0.7006050944328308,-1.967112421989441
1772798017320261000,1.31526123046875,-0.3816411793231964,-0.6477274894714355,-1.985429048538208
1772798017330287900,1.325287841796875,-0.39171653985977173,-0.5740869641304016,-1.9140846729278564
1772798017340315000,1.33531494140625,-0.44320768117904663,-0.4585111141204834,-1.6918078660964966
1772798017350340900,1.3453408203125,-0.5208919048309326,-0.3486192524433136,-1.4223062992095947
1772798017360368000,1.3553681640625,-0.618510901927948,-0.19399799406528473,-1.164642572402954
1772798017370394000,1.36539404296875,-0.7352986335754395,-0.007055885158479214,-0.9013849496841431
1772798017380420900,1.3754208984375,-0.8491700887680054,0.2834246754646301,-0.688053548336029
1772798017390447900,1.38544775390625,-0.9595239162445068,0.6019920110702515,-0.6686354875564575
1772798017400473900,1.395473876953125,-1.051586389541626,0.9137847423553467,-1.0403257608413696
1772798017410501000,1.405501220703125,-1.217487096786499,1.177375316619873,-1.8077888488769531
1772798017420527900,1.41552783203125,-1.519891619682312,1.3340051174163818,-2.9919991493225098
1772798017430553900,1.425553955078125,-1.7873369455337524,1.642775297164917,-4.07776403427124
1772798017440580900,1.435580810546875,-1.1770403385162354,1.6226948499679565,-3.615346908569336
1772798017450606800,1.44560693359375,0.3055252134799957,0.7581334114074707,-0.7707074880599976
1772798017460634000,1.455634033203125,1.6205835342407227,-0.5279571413993835,2.6054842472076416
1772798017470660900,1.465660888671875,2.088317394256592,-1.1247351169586182,4.386930465698242
1772798017480686800,1.475686767578125,1.8825218677520752,-1.5070805549621582,4.732476234436035
1772798017490713900,1.4857138671875,1.4268895387649536,-1.0006647109985352,4.093441009521484
1772798017500739800,1.49573974609375,0.6978620290756226,-0.2479536086320877,3.5972578525543213
1772798017510767000,1.50576708984375,-0.0052958400920033455,0.31510573625564575,3.1507229804992676
1772798017520793900,1.5157939453125,-0.4830065071582794,0.8844829201698303,3.078303098678589
1772798017530819800,1.52581982421875,-0.7524953484535217,1.3155707120895386,3.200979709625244
1772798017540846800,1.535846923828125,-0.8532531261444092,1.4540151357650757,3.07814621925354
1772798017550873000,1.545873046875,-0.792815625667572,1.2360913753509521,2.669344425201416
1772798017560900000,1.555900146484375,-0.6280146837234497,0.7810162305831909,2.2140088081359863
1772798017570926800,1.5659267578125,-0.4353996813297272,0.2417048066854477,1.8942598104476929
1772798017580952800,1.575952880859375,-0.28151053190231323,-0.13916531205177307,1.6285730600357056
1772798017590979800,1.585979736328125,-0.22032836079597473,-0.4089846909046173,1.4857195615768433
1772798017601006000,1.596006103515625,-0.18275116384029388,-0.4339052438735962,1.6261714696884155
1772798017611033000,1.606033203125,-0.12350482493638992,-0.4109083116054535,1.659512996673584
1772798017621059800,1.616059814453125,-0.0325259193778038,-0.4034477174282074,1.6766265630722046
1772798017631085800,1.6260859375,0.14180110394954681,-0.4366835951805115,1.6714037656784058
1772798017641113000,1.636113037109375,0.39047005772590637,-0.5161427855491638,1.6057178974151611
1772798017651140000,1.64614013671875,0.7096483707427979,-0.5284584164619446,1.4555388689041138
1772798017661166000,1.656166015625,0.9636433720588684,-0.45708486437797546,1.2381540536880493
1772798017671192800,1.66619287109375,1.0215924978256226,-0.3218325972557068,1.044669508934021
1772798017681218800,1.67621875,0.914515495300293,-0.21505557000637054,0.8666853904724121
1772798017691246000,1.68624609375,0.679515540599823,-0.23103012144565582,0.6316319704055786
1772798017701273000,1.696273193359375,0.37824785709381104,-0.2834571301937103,0.2977285385131836
1772798017711298800,1.706298828125,0.09373448044061661,-0.3395196199417114,-0.1485108882188797
1772798017721325800,1.716325927734375,-0.09391184896230698,-0.3336252272129059,-0.6220030784606934
1772798017731351800,1.726351806640625,-0.19796593487262726,-0.31560319662094116,-1.0224950313568115
1772798017741379000,1.736379150390625,-0.226897194981575,-0.2935759127140045,-1.3197368383407593
1772798017751406000,1.746406005859375,-0.18611185252666473,-0.2533438205718994,-1.4833946228027344
1772798017761431800,1.756431884765625,-0.13359777629375458,-0.18300335109233856,-1.5292532444000244
1772798017771458800,1.766458740234375,-0.0755448266863823,-0.0747089833021164,-1.515654444694519
1772798017781484800,1.77648486328125,-0.016439689323306084,0.03381642326712608,-1.4973013401031494
1772798017791512000,1.786511962890625,0.04261134937405586,0.10682858526706696,-1.528138518333435
1772798017801539000,1.7965390625,0.09086969494819641,0.13645172119140625,-1.6025621891021729
1772798017811564800,1.806564697265625,0.12196700274944305,0.10863769799470901,-1.7192766666412354
1772798017821591800,1.816591796875,0.12016856670379639,0.030211064964532852,-1.8623912334442139
1772798017831619000,1.826619140625,0.12562362849712372,-0.10574673861265182,-2.0009498596191406
1772798017841645000,1.83664501953125,0.13262587785720825,-0.27834010124206543,-2.0915160179138184
1772798017851671800,1.846671875,0.09637133032083511,-0.4471942186355591,-2.1252682209014893
1772798017861697800,1.85669775390625,0.01480909064412117,-0.5830351114273071,-2.070986032485962
1772798017871724800,1.866724853515625,-0.011512931436300278,-0.7205455303192139,-1.977463722229004
1772798017881752000,1.876751953125,0.10087459534406662,-0.8947785496711731,-1.9249826669692993
1772798017891778000,1.886778076171875,0.3099135160446167,-1.0459799766540527,-1.9000507593154907
1772798017901804800,1.8968046875,0.4822876751422882,-1.0895134210586548,-1.9304131269454956
1772798017911830800,1.906830810546875,0.5523635745048523,-1.1110546588897705,-2.1220309734344482
1772798017921857800,1.91685791015625,0.4882149398326874,-1.034637689590454,-2.4090487957000732
1772798017931885000,1.926885009765625,0.23955342173576355,-0.6078367829322815,-2.7053797245025635
1772798017941911000,1.9369111328125,-0.07533713430166245,-0.12815485894680023,-2.762988805770874
1772798017951937800,1.946937744140625,-0.13849012553691864,0.09067600220441818,-2.366787910461426
1772798017961963800,1.9569638671875,0.1853494644165039,0.16607701778411865,-1.6801096200942993
1772798017971990800,1.96699072265625,0.7333216667175293,0.21484005451202393,-0.9551775455474854
1772798017982018000,1.97701806640625,1.8750792741775513,0.582739531993866,-0.3615218997001648
1772798017992044000,1.9870439453125,3.321666717529297,0.9683483839035034,0.05774635449051857
1772798018002070800,1.99707080078125,4.122336387634277,0.8941463232040405,0.7977557182312012
1772798018012097800,2.007097900390625,3.8685262203216553,1.0107005834579468,1.8263130187988281
1772798018022123800,2.017123779296875,3.1015830039978027,1.189643383026123,2.5644264221191406
1772798018032151000,2.027151123046875,2.3424251079559326,1.1676220893859863,2.7795934677124023
1772798018042177000,2.037177001953125,1.8444215059280396,1.2270145416259766,2.6413087844848633
1772798018052203800,2.047203857421875,1.6440712213516235,1.434892177581787,2.5079164505004883
1772798018062230800,2.057230712890625,1.643659234046936,1.594807505607605,2.574233293533325
1772798018072257000,2.067257080078125,1.7560555934906006,1.6579747200012207,2.5921592712402344
1772798018082284000,2.077283935546875,1.9915388822555542,1.542784571647644,2.3721084594726562
1772798018092310000,2.08731005859375,2.297293186187744,1.1763101816177368,1.9685173034667969
1772798018102336800,2.097336669921875,2.571509838104248,0.6532418727874756,1.452345371246338
1772798018112363800,2.10736376953125,2.7594335079193115,0.10849321633577347,0.9592946171760559
1772798018122390000,2.11739013671875,2.839717149734497,-0.33979588747024536,0.6598269939422607
1772798018132417000,2.1274169921875,2.820204734802246,-0.6038567423820496,0.58624267578125
1772798018142443000,2.137443115234375,2.7084195613861084,-0.689312756061554,0.7301841378211975
1772798018152469800,2.1474697265625,2.6399714946746826,-0.6850094199180603,1.0168554782867432
1772798018162497000,2.1574970703125,2.6148085594177246,-0.6283583641052246,1.367565393447876
1772798018172523000,2.16752294921875,2.6408982276916504,-0.457827091217041,1.7524582147598267
1772798018182550000,2.177550048828125,2.667146921157837,-0.2235831767320633,2.0681655406951904
1772798018192576500,2.187576416015625,2.7154953479766846,0.041231244802474976,2.228800058364868
1772798018202602500,2.1976025390625,2.767491340637207,0.23989427089691162,2.2828457355499268
1772798018212629200,2.207629150390625,2.8305609226226807,0.39199891686439514,2.182955026626587
1772798018222655200,2.2176552734375,2.836486339569092,0.4405832290649414,1.931091070175171
1772798018232682200,2.22768212890625,2.762578010559082,0.4526030421257019,1.5716102123260498
1772798018242709500,2.23770947265625,2.6358532905578613,0.45910194516181946,1.142819881439209
1772798018252735500,2.247735595703125,2.470579147338867,0.47512394189834595,0.7958104014396667
1772798018262762200,2.25776220703125,2.308138608932495,0.4805229604244232,0.4979744851589203
1772798018272788200,2.267788330078125,2.1940107345581055,0.4977498948574066,0.2234136313199997
1772798018282815200,2.277815185546875,2.1479568481445312,0.5447887182235718,-0.05894055962562561
1772798018292842500,2.287842529296875,2.1373233795166016,0.579063892364502,-0.3423672318458557
1772798018302868500,2.297868408203125,2.134183406829834,0.586447536945343,-0.6318491697311401
1772798018312895200,2.307895263671875,2.1435089111328125,0.5934768319129944,-0.9112353920936584
1772798018322921200,2.317921142578125,2.174126148223877,0.5675312876701355,-1.1765773296356201
1772798018332948200,2.3279482421875,2.232832431793213,0.4995034337043762,-1.4297858476638794
1772798018342975500,2.3379755859375,2.2690773010253906,0.39956778287887573,-1.6685153245925903
1772798018353001500,2.34800146484375,2.2763752937316895,0.2967263162136078,-1.884950041770935
1772798018363028200,2.3580283203125,2.2647125720977783,0.23296678066253662,-2.079279899597168
1772798018373054200,2.36805419921875,2.2399959564208984,0.21618492901325226,-2.225360870361328
1772798018383081200,2.378081298828125,2.2117412090301514,0.2589219808578491,-2.2923190593719482
1772798018393108500,2.3881083984375,2.182690382003784,0.3560672700405121,-2.2680487632751465
1772798018403134500,2.398134521484375,2.1117475032806396,0.4615950286388397,-2.1932408809661865
1772798018413161200,2.4081611328125,2.0727219581604004,0.571782648563385,-2.0904173851013184
1772798018423187200,2.418187255859375,2.0454535484313965,0.688183605670929,-1.9732142686843872
1772798018433214200,2.428214111328125,2.029949188232422,0.7266173958778381,-1.9064371585845947
1772798018443241500,2.438241455078125,1.9438375234603882,0.6239778399467468,-1.9579437971115112
1772798018453267500,2.448267333984375,1.9115874767303467,0.24860501289367676,-2.14993953704834
1772798018463294200,2.458294189453125,1.9629400968551636,-0.37105053663253784,-2.537926197052002
1772798018473320200,2.4683203125,2.049126386642456,-1.0267611742019653,-3.144822120666504
1772798018483347500,2.478347412109375,2.144995927810669,-1.512729287147522,-3.825073719024658
1772798018493374500,2.48837451171875,2.2699241638183594,-1.7805676460266113,-4.2143964767456055
1772798018503400400,2.498400390625,2.7519724369049072,-1.905380368232727,-4.106899738311768
1772798018513427200,2.50842724609375,3.568943500518799,-1.5551836490631104,-3.574888229370117
1772798018523453200,2.518453125,4.489927291870117,-0.33949723839759827,-2.7244374752044678
1772798018533480400,2.52848046875,5.301699161529541,1.2400591373443604,-1.3692337274551392
1772798018543507500,2.538507568359375,5.4320783615112305,1.726719856262207,0.4373522698879242
1772798018553533400,2.548533447265625,4.599064826965332,1.3503210544586182,2.118016242980957
1772798018563560200,2.558560302734375,3.613236904144287,0.9235615134239197,3.0684027671813965
1772798018573587500,2.56858740234375,3.0387661457061768,0.7314479947090149,3.3653063774108887
1772798018583613400,2.578613525390625,2.702096700668335,0.8071142435073853,3.359708786010742
1772798018593640400,2.588640380859375,2.676673412322998,1.3059779405593872,3.114591598510742
1772798018603666400,2.59866650390625,2.9559690952301025,1.6200659275054932,2.937143325805664
1772798018613693200,2.608693115234375,3.4627280235290527,1.5228381156921387,2.633920431137085
1772798018623720400,2.618720458984375,3.9291014671325684,1.2654297351837158,2.223038673400879
1772798018633746400,2.628746337890625,4.277358055114746,0.8255031108856201,1.6161705255508423
1772798018643773400,2.6387734375,4.395517349243164,0.2856137454509735,1.0591541528701782
1772798018653799200,2.648799072265625,4.3203277587890625,-0.22172671556472778,0.6294854879379272
1772798018663826200,2.658826171875,4.122727394104004,-0.6400131583213806,0.28752148151397705
1772798018673853400,2.668853515625,3.83689546585083,-0.8909376859664917,0.19199597835540771
1772798018683879400,2.67887939453125,3.5020532608032227,-1.0025339126586914,0.3472859561443329
1772798018693906400,2.688906494140625,3.188232421875,-0.9888981580734253,0.6736089587211609
1772798018703932200,2.69893212890625,2.9489247798919678,-0.9205728769302368,1.1416205167770386
1772798018713959200,2.708959228515625,2.774770975112915,-0.8207368850708008,1.670204758644104
1772798018723986400,2.718986328125,2.700425863265991,-0.709841251373291,2.1142380237579346
1772798018734012400,2.729012451171875,2.7391743659973145,-0.5288074612617493,2.315333127975464
1772798018744039400,2.739039306640625,2.789328098297119,-0.29751837253570557,2.315553903579712
1772798018754065200,2.749065185546875,2.776824951171875,-0.022390255704522133,2.196725845336914
1772798018764092200,2.759092041015625,2.7052390575408936,0.19758471846580505,2.032397747039795
1772798018774119400,2.769119384765625,2.5909342765808105,0.35358572006225586,1.85929274559021
1772798018784145400,2.7791455078125,2.449857711791992,0.46208953857421875,1.6955325603485107
1772798018794172200,2.789172119140625,2.340888738632202,0.5817268490791321,1.5213745832443237
1772798018804198100,2.7991982421875,2.2618086338043213,0.7080720067024231,1.3193002939224243
1772798018814225200,2.80922509765625,2.2015488147735596,0.7802762389183044,1.078277349472046
1772798018824252400,2.81925244140625,2.1913321018218994,0.7903349995613098,0.8126221299171448
1772798018834278400,2.8292783203125,2.2307350635528564,0.7660815715789795,0.5165305733680725
1772798018844305200,2.83930517578125,2.231950521469116,0.6950018405914307,0.10687299072742462
1772798018854331100,2.8493310546875,2.2089669704437256,0.6450639367103577,-0.36013704538345337
1772798018864358400,2.8593583984375,2.125232458114624,0.5755623579025269,-0.8551148176193237
1772798018874385400,2.869385498046875,1.9717093706130981,0.4867171347141266,-1.333742380142212
1772798018884411400,2.879411376953125,1.808984637260437,0.39135730266571045,-1.7348718643188477
1772798018894438100,2.889438232421875,1.6774654388427734,0.31405526399612427,-2.057433843612671
1772798018904464100,2.899464111328125,1.588659405708313,0.23169994354248047,-2.2846720218658447
1772798018914491400,2.909491455078125,1.5549718141555786,0.16823868453502655,-2.4117088317871094
1772798018924518400,2.919518310546875,1.5561680793762207,0.12620201706886292,-2.462369680404663
1772798018934544400,2.92954443359375,1.5945892333984375,0.12212628871202469,-2.445142984390259
1772798018944571100,2.939571044921875,1.6638526916503906,0.15665604174137115,-2.3950679302215576
1772798018954597000,2.94959716796875,1.74140465259552,0.20816171169281006,-2.3041677474975586
1772798018964624400,2.959624267578125,1.793501615524292,0.28088119626045227,-2.190941572189331
1772798018974651400,2.9696513671875,1.8176634311676025,0.3433232605457306,-2.101194143295288
1772798018984677400,2.979677490234375,1.8200653791427612,0.35293513536453247,-2.0809473991394043
1772798018994704100,2.9897041015625,1.8331711292266846,0.30363917350769043,-2.1516149044036865
1772798019004730000,2.999730224609375,1.8702290058135986,0.23637761175632477,-2.2606043815612793
1772798019014757400,3.00975732421875,1.9116512537002563,0.20570789277553558,-2.369396686553955
1772798019024784400,3.019784423828125,1.9955497980117798,0.17457500100135803,-2.4250288009643555
1772798019034810400,3.029810302734375,2.130859851837158,0.19830824434757233,-2.4048502445220947
1772798019044837000,3.039837158203125,2.264763593673706,0.14322608709335327,-2.431713581085205
1772798019054863000,3.049863037109375,2.452263832092285,-0.16834832727909088,-2.4755711555480957
1772798019064890400,3.059890380859375,2.8233845233917236,-0.46305161714553833,-2.2774064540863037
1772798019074917400,3.06991748046875,3.213803768157959,-0.30400532484054565,-1.9311017990112305
1772798019084943400,3.079943359375,3.3896970748901367,0.16095249354839325,-1.9704052209854126
1772798019094970000,3.08997021484375,3.3070051670074463,0.2423979490995407,-2.6373021602630615
1772798019104996000,3.09999609375,3.108703136444092,-0.10074023902416229,-3.398160934448242
1772798019115023400,3.1100234375,3.014448404312134,-0.14323651790618896,-3.0069282054901123
1772798019125050400,3.12005029296875,3.0205531120300293,-0.23284363746643066,-1.1939606666564941
1772798019135076400,3.130076416015625,2.9871063232421875,-0.0077443476766347885,1.2277989387512207
1772798019145103000,3.14010302734375,2.7777724266052246,0.6637139320373535,2.9880378246307373
1772798019155129000,3.150129150390625,2.5093400478363037,1.3824459314346313,3.5550737380981445
1772798019165156400,3.16015625,2.2206473350524902,1.7082469463348389,3.1986806392669678
1772798019175183400,3.170183349609375,2.0145983695983887,1.6381827592849731,2.535240888595581
1772798019185209300,3.180209228515625,1.9414162635803223,1.2780171632766724,2.064446449279785
1772798019195235800,3.19023583984375,1.973924160003662,0.8372902274131775,1.877364993095398
1772798019205261800,3.20026171875,2.0485332012176514,0.46182548999786377,1.8680293560028076
1772798019215288800,3.210288818359375,2.114948272705078,0.2798439860343933,1.9090690612792969
1772798019225315800,3.22031591796875,2.122990608215332,0.14677543938159943,1.9592877626419067
1772798019235341800,3.230341796875,2.088106393814087,0.030383314937353134,2.0338809490203857
1772798019245368800,3.240368896484375,2.0155975818634033,-0.07970057427883148,2.212333917617798
1772798019255394800,3.250394775390625,1.8522745370864868,-0.17927192151546478,2.438112497329712
1772798019265421800,3.260421875,1.6910688877105713,-0.22551079094409943,2.654423952102661
1772798019275448800,3.27044873046875,1.5723074674606323,-0.29095229506492615,2.8224234580993652
1772798019285474800,3.280474853515625,1.509177565574646,-0.35455548763275146,2.8526382446289062
1772798019295501800,3.290501708984375,1.4978187084197998,-0.4160280227661133,2.689326286315918
1772798019305527800,3.30052783203125,1.525715947151184,-0.43390607833862305,2.3715274333953857
1772798019315554800,3.310554931640625,1.551855206489563,-0.40982091426849365,1.9160183668136597
1772798019325580800,3.320580810546875,1.5243226289749146,-0.3549680709838867,1.3795669078826904
1772798019335607800,3.33060791015625,1.4225372076034546,-0.28439897298812866,0.852074146270752
1772798019345634800,3.340634765625,1.267101764678955,-0.17939850687980652,0.3765185475349426
1772798019355660800,3.350660888671875,1.0984421968460083,-0.07119324803352356,-0.019871948286890984
1772798019365687800,3.360687744140625,0.9416759610176086,0.020125210285186768,-0.38064852356910706
1772798019375713800,3.3707138671875,0.8282777667045593,0.13180284202098846,-0.727990984916687
1772798019385740800,3.38074072265625,0.7572709918022156,0.24536243081092834,-1.0883861780166626
1772798019395767800,3.390767822265625,0.6959826946258545,0.321371465921402,-1.4166901111602783
1772798019405793800,3.400793701171875,0.6175214648246765,0.3491588830947876,-1.6895016431808472
1772798019415820800,3.41082080078125,0.5169539451599121,0.39202284812927246,-1.9328147172927856
1772798019425846800,3.4208466796875,0.41390693187713623,0.4283784329891205,-2.159412384033203
1772798019435873800,3.430873779296875,0.3334999978542328,0.4577620029449463,-2.37679386138916
1772798019445900800,3.44090087890625,0.27419325709342957,0.4593742787837982,-2.541646957397461
1772798019455926800,3.4509267578125,0.2163570076227188,0.44073206186294556,-2.636073350906372
1772798019465953800,3.460953857421875,0.1778074949979782,0.3870445787906647,-2.6519386768341064
1772798019475979800,3.470979736328125,0.1377038061618805,0.33113157749176025,-2.5723979473114014
1772798019486006800,3.4810068359375,0.11418464034795761,0.28142979741096497,-2.4209370613098145
1772798019496033800,3.49103369140625,0.09453834593296051,0.24780240654945374,-2.168987512588501
1772798019506059800,3.501059814453125,0.06005733460187912,0.22390373051166534,-1.907339334487915
1772798019516086800,3.511086669921875,0.052812181413173676,0.26456931233406067,-1.7134677171707153
1772798019526112800,3.52111279296875,0.06215881183743477,0.3702288866043091,-1.6183761358261108
1772798019536140000,3.53114013671875,0.09752961248159409,0.5176035761833191,-1.5657275915145874
1772798019546166800,3.541166748046875,0.051129087805747986,0.6142345070838928,-1.4680548906326294
1772798019556192800,3.55119287109375,-0.006962742190808058,0.7835182547569275,-1.3240810632705688
1772798019566219800,3.5612197265625,-0.08092751353979111,0.9050891995429993,-1.208611249923706
1772798019576245800,3.571245849609375,-0.17544735968112946,0.7911479473114014,-1.1348941326141357
1772798019586273000,3.58127294921875,-0.2457180619239807,0.36523154377937317,-1.0538221597671509
1772798019596299000,3.591299072265625,-0.12769904732704163,-0.3050876557826996,-1.0842678546905518
1772798019606325800,3.60132568359375,0.21337758004665375,-1.1628422737121582,-1.3300126791000366
1772798019616352800,3.611352783203125,0.77144455909729,-1.7998532056808472,-1.4935176372528076
1772798019626378800,3.621378662109375,1.2624372243881226,-1.9921624660491943,-1.4602664709091187
1772798019636406000,3.631406005859375,1.4838119745254517,-1.6519980430603027,-1.509400725364685
1772798019646432000,3.641431884765625,1.5172457695007324,-1.509034514427185,-1.514129400253296
1772798019656458800,3.651458740234375,1.5787853002548218,-1.330475926399231,-1.0429065227508545
1772798019666485800,3.66148583984375,1.880925178527832,-1.1428817510604858,0.2674715518951416
1772798019676511700,3.67151171875,1.9392226934432983,-0.8161895871162415,2.0653586387634277
1772798019686539000,3.6815390625,1.6562045812606812,-0.2663450539112091,3.3771791458129883
1772798019696565000,3.69156494140625,1.2419312000274658,0.2998480200767517,3.9287424087524414
1772798019706591700,3.701591796875,0.8527258038520813,0.6522201895713806,3.7700281143188477
1772798019716618800,3.71161865234375,0.5632709264755249,0.7264077663421631,3.28365159034729
1772798019726644700,3.721644775390625,0.4085092544555664,0.6406744718551636,2.9718821048736572
1772798019736672000,3.731672119140625,0.32493990659713745,0.4965246021747589,2.9300625324249268
1772798019746698000,3.741697998046875,0.3272797763347626,0.2867681682109833,2.855546474456787
1772798019756724700,3.751724853515625,0.4508771598339081,0.015495010651648045,2.5440635681152344
1772798019766751700,3.761751708984375,0.6415022015571594,-0.3681834042072296,2.0769236087799072
1772798019776777700,3.77177783203125,0.8744567036628723,-0.7681931853294373,1.6751248836517334
1772798019786805000,3.781804931640625,0.9442280530929565,-0.9691009521484375,1.442116618156433
1772798019796831000,3.7918310546875,0.7394117712974548,-0.8083769083023071,1.5183558464050293
1772798019806857700,3.801857666015625,0.276966392993927,-0.4797806739807129,1.9373033046722412
1772798019816883700,3.8118837890625,-0.10768091678619385,-0.08998428285121918,2.5167696475982666
1772798019826910700,3.82191064453125,-0.31945520639419556,0.14578910171985626,2.997159481048584
1772798019836938000,3.83193798828125,-0.3374665379524231,0.20331920683383942,3.2811806201934814
1772798019846964000,3.8419638671875,-0.1991472691297531,0.266875296831131,3.281264305114746
1772798019856990700,3.85199072265625,0.031108422204852104,0.32521265745162964,2.8736412525177
1772798019867016700,3.8620166015625,0.36037391424179077,0.4796922206878662,2.2591891288757324
1772798019877044000,3.8720439453125,0.6848697066307068,0.7102699279785156,1.4794055223464966
1772798019887071000,3.882071044921875,0.8896811604499817,0.8438117504119873,0.6034561395645142
1772798019897097000,3.892096923828125,1.0085186958312988,0.857498824596405,-0.19149158895015717
1772798019907123700,3.902123779296875,0.9667938351631165,0.7009558081626892,-0.8273250460624695
1772798019917149700,3.912149658203125,0.7479200959205627,0.4313267171382904,-1.2749667167663574
1772798019927177000,3.922177001953125,0.4096991717815399,0.14045093953609467,-1.6366796493530273
1772798019937203000,3.932202880859375,0.035901930183172226,-0.1046648621559143,-1.9534116983413696
1772798019947230000,3.94222998046875,-0.29383280873298645,-0.23802903294563293,-2.232146739959717
1772798019957256700,3.952256591796875,-0.563459038734436,-0.2876691222190857,-2.4867348670959473
1772798019967282700,3.96228271484375,-0.7542822360992432,-0.31211721897125244,-2.65226411819458
1772798019977310000,3.97231005859375,-0.820148229598999,-0.2652667760848999,-2.6900501251220703
1772798019987336000,3.9823359375,-0.7957395911216736,-0.18365101516246796,-2.589566469192505
1772798019997363000,3.992363037109375,-0.7511355876922607,-0.06914987415075302,-2.4056127071380615
1772798020007389700,4.0023896484375,-0.6976315975189209,0.03813343867659569,-2.201441764831543
1772798020017415700,4.012415771484375,-0.6563619375228882,0.13412798941135406,-2.0120840072631836
1772798020027443000,4.02244287109375,-0.6113108396530151,0.1918746531009674,-1.882101058959961
1772798020037469000,4.032468994140625,-0.5548422336578369,0.18116238713264465,-1.8117867708206177
1772798020047496000,4.042495849609375,-0.5047342777252197,0.09213743358850479,-1.8030691146850586
1772798020057522000,4.05252197265625,-0.433658629655838,-0.04835871234536171,-1.8564544916152954
1772798020067548700,4.062548583984375,-0.34057316184043884,-0.16071747243404388,-1.9348204135894775
1772798020077576000,4.072575927734375,-0.2683141827583313,-0.2499125748872757,-2.007946014404297
1772798020087602000,4.082601806640625,-0.2516214847564697,-0.3330841362476349,-2.024345874786377
1772798020097629000,4.09262890625,-0.25962164998054504,-0.4116806089878082,-1.9243109226226807
1772798020107655000,4.102655029296875,-0.2633788287639618,-0.4988972544670105,-1.7371950149536133
1772798020117681700,4.112681640625,-0.2730189561843872,-0.6728206872940063,-1.5611343383789062
1772798020127709000,4.122708984375,-0.21617883443832397,-0.8868578672409058,-1.4270763397216797
1772798020137735000,4.13273486328125,-0.0313710942864418,-0.9067697525024414,-1.4793527126312256
1772798020147762000,4.142761962890625,0.17941996455192566,-0.6669379472732544,-1.6801882982254028
1772798020157788000,4.152787841796875,0.37547627091407776,-0.42605072259902954,-1.5922341346740723
1772798020167814700,4.162814697265625,0.4168841540813446,-0.2782897651195526,-1.0146842002868652
1772798020177841000,4.1728408203125,0.20742903649806976,0.10077697038650513,-0.45126986503601074
1772798020187869200,4.182869140625,-0.1827664077281952,0.24646198749542236,-0.23555728793144226
1772798020197896200,4.192896240234375,-0.5960646271705627,0.16197802126407623,-0.278219074010849
1772798020207922200,4.202922119140625,-0.47017091512680054,-0.08505386859178543,-0.006417390890419483
1772798020217949200,4.21294921875,-0.10242165625095367,-0.2943111062049866,0.93445885181427
1772798020227975200,4.22297509765625,0.7304332256317139,-0.44348087906837463,2.0781798362731934
1772798020238002200,4.233002197265625,1.3998395204544067,-0.07027570903301239,3.2292404174804688
1772798020248029200,4.243029296875,1.5139714479446411,0.753068208694458,3.3484737873077393
1772798020258055200,4.25305517578125,1.4107506275177002,1.1460587978363037,2.778273820877075
1772798020268082200,4.263082275390625,1.1486936807632446,1.1923091411590576,2.047020673751831
1772798020278108200,4.273108154296875,0.8428418040275574,0.9520710706710815,1.4627681970596313
1772798020288135200,4.28313525390625,0.5081071853637695,0.5585296154022217,1.2388826608657837
1772798020298161200,4.2931611328125,0.14618602395057678,0.20102061331272125,1.3095365762710571
1772798020308188200,4.303188232421875,-0.12770436704158783,-0.07668263465166092,1.455256700515747
1772798020318215200,4.313215087890625,-0.29012566804885864,-0.3554719388484955,1.6261208057403564
1772798020328241200,4.3232412109375,-0.3301582932472229,-0.5964139699935913,1.8470678329467773
1772798020338268200,4.33326806640625,-0.2725019156932831,-0.8149083256721497,2.108689546585083
1772798020348294100,4.343294189453125,-0.19266751408576965,-0.9728191494941711,2.454906940460205
1772798020358321200,4.353321044921875,-0.2183799147605896,-1.0647114515304565,2.8825795650482178
1772798020368348200,4.36334814453125,-0.1495198905467987,-1.0181421041488647,3.237349033355713
1772798020378374100,4.3733740234375,-0.027166612446308136,-0.867548942565918,3.3530614376068115
1772798020388401200,4.383401123046875,0.05059236288070679,-0.6985229253768921,3.163025140762329
1772798020398427100,4.39342724609375,0.07207241654396057,-0.5223180055618286,2.609312057495117
1772798020408454100,4.4034541015625,0.09578307718038559,-0.3944213092327118,1.9102758169174194
1772798020418480000,4.413480224609375,0.14662526547908783,-0.25167885422706604,1.1521097421646118
1772798020428507100,4.423507080078125,0.22265078127384186,-0.18399913609027863,0.3008294403553009
1772798020438534100,4.4335341796875,0.3857955038547516,-0.024387331679463387,-0.5205979943275452
1772798020448560000,4.44356005859375,0.5327473878860474,0.1804470419883728,-1.1104825735092163
1772798020458587100,4.453587158203125,0.6273298859596252,0.31069478392601013,-1.4955997467041016
1772798020468613000,4.463613037109375,0.6282127499580383,0.36563339829444885,-1.6575100421905518
1772798020478640000,4.47364013671875,0.5000462532043457,0.39468806982040405,-1.6541584730148315
1772798020488667100,4.483667236328125,0.2739305794239044,0.4182053804397583,-1.5205860137939453
1772798020498693000,4.493693115234375,0.031081166118383408,0.39182785153388977,-1.397546410560608
1772798020508720000,4.50372021484375,-0.16328324377536774,0.3573649525642395,-1.3589240312576294
1772798020518746000,4.51374609375,-0.2961059510707855,0.3270707428455353,-1.4148437976837158
1772798020528773000,4.523773193359375,-0.3508240282535553,0.27769413590431213,-1.5571691989898682
1772798020538799400,4.53379931640625,-0.3646269142627716,0.17662180960178375,-1.6933151483535767
1772798020548826000,4.543826171875,-0.3390757441520691,0.041766781359910965,-1.7937674522399902
1772798020558852000,4.55385205078125,-0.3148094415664673,-0.07269696146249771,-1.8328442573547363
1772798020568879000,4.563879150390625,-0.302276074886322,-0.15401579439640045,-1.8016912937164307
1772798020578906400,4.57390625,-0.27024343609809875,-0.17382381856441498,-1.7538213729858398
1772798020588932400,4.583932373046875,-0.22781236469745636,-0.1625642478466034,-1.685663104057312
1772798020598959000,4.593958984375,-0.1755082607269287,-0.10376057773828506,-1.6068652868270874
1772798020608985000,4.603985107421875,-0.04974021017551422,-0.028965694829821587,-1.521856665611267
1772798020619012000,4.61401220703125,-0.032080139964818954,0.05152247101068497,-1.4676306247711182
1772798020629039400,4.624039306640625,-0.061815667897462845,0.141823872923851,-1.347245693206787
1772798020639065300,4.6340654296875,-0.13816270232200623,0.20427390933036804,-1.1943693161010742
1772798020649092000,4.644092041015625,-0.2651329040527344,0.2672472894191742,-1.0475965738296509
1772798020659118000,4.6541181640625,-0.40098387002944946,0.3829455077648163,-1.0371475219726562
1772798020669145000,4.66414501953125,-0.4412543475627899,0.43335434794425964,-1.1420537233352661
1772798020679171000,4.674171142578125,-0.29572272300720215,0.3714735805988312,-1.261968731880188
1772798020689198300,4.6841982421875,0.0581999272108078,0.08015678077936172,-1.4068084955215454
1772798020699225000,4.69422509765625,0.6269387006759644,-0.3775651454925537,-1.588561773300171
1772798020709251000,4.7042509765625,1.2655450105667114,-0.4818095266819,-1.545521855354309
1772798020719278000,4.714278076171875,1.7555830478668213,-0.19753184914588928,-1.3543338775634766
1772798020729304000,4.724303955078125,2.097714424133301,0.09730591624975204,-1.2856192588806152
1772798020739331300,4.734331298828125,2.208644390106201,0.04415987432003021,-1.356252908706665
1772798020749357300,4.744357421875,2.3226585388183594,-0.14882048964500427,-1.2391921281814575
1772798020759384000,4.754384033203125,2.580254554748535,-0.43204236030578613,-0.7144551873207092
1772798020769411000,4.7644111328125,2.8875653743743896,-0.5838939547538757,0.33959436416625977
1772798020779437000,4.77443701171875,2.974916696548462,-0.38003677129745483,1.622139811515808
1772798020789464300,4.78446435546875,2.7544825077056885,0.23795291781425476,2.5957703590393066
1772798020799490300,4.794490234375,2.304443359375,0.8082208037376404,2.978776454925537
1772798020809517000,4.80451708984375,1.8441059589385986,0.9896861910820007,2.916489601135254
1772798020819544000,4.8145439453125,1.5664690732955933,0.9223889112472534,2.697300434112549
1772798020829570300,4.8245703125,1.4599493741989136,0.8174273371696472,2.5884809494018555
1772798020839597300,4.834597412109375,1.4331108331680298,0.8028478622436523,2.6122870445251465
1772798020849623300,4.844623291015625,1.4533843994140625,0.8714019060134888,2.549541711807251
1772798020859650000,4.854650146484375,1.519406795501709,0.8968079090118408,2.2528724670410156
1772798020869676000,4.864676025390625,1.628110647201538,0.7188054323196411,1.8875294923782349
1772798020879703300,4.874703369140625,1.7112629413604736,0.5033676624298096,1.6634025573730469
1772798020889730300,4.884730224609375,1.754866600036621,0.31004559993743896,1.6525310277938843
1772798020899756300,4.89475634765625,1.613706350326538,0.15438583493232727,1.796097755432129
1772798020909783000,4.904782958984375,1.5106617212295532,0.03250919654965401,2.0329248905181885
1772798020919809000,4.91480908203125,1.3049577474594116,-0.13641174137592316,2.3108112812042236
1772798020929836300,4.924836181640625,1.212656855583191,-0.253219872713089,2.4837048053741455
1772798020939862300,4.9348623046875,1.2433278560638428,-0.30125993490219116,2.4857003688812256
1772798020949889300,4.94488916015625,1.3985254764556885,-0.37263453006744385,2.3107147216796875
1772798020959916000,4.954916015625,1.6325600147247314,-0.35289719700813293,2.021226644515991
1772798020969942000,4.96494189453125,1.8368548154830933,-0.2939563989639282,1.6912423372268677
1772798020979969300,4.97496923828125,1.963404655456543,-0.13751694560050964,1.3788877725601196
1772798020989995300,4.984995361328125,1.9951961040496826,0.06298951059579849,1.1002196073532104
1772798021000022300,4.995022216796875,1.9066370725631714,0.22048892080783844,0.7722131013870239
1772798021010048300,5.00504833984375,1.7757365703582764,0.32515090703964233,0.44030576944351196
1772798021020075000,5.015074951171875,1.6259554624557495,0.4246728718280792,0.11699598282575607
1772798021030102300,5.025102294921875,1.4989376068115234,0.48721587657928467,-0.22494937479496002
1772798021040128300,5.035128173828125,1.381125569343567,0.5400521755218506,-0.5827587246894836
1772798021050155300,5.0451552734375,1.2539499998092651,0.6401225924491882,-0.9504214525222778
1772798021060181200,5.05518115234375,1.1133341789245605,0.7422764897346497,-1.3065745830535889
1772798021070208000,5.0652080078125,0.9871750473976135,0.842898964881897,-1.5773414373397827
1772798021080234200,5.075234130859375,0.8645954132080078,0.9128348231315613,-1.7415156364440918
1772798021090261200,5.08526123046875,0.7678395509719849,0.9144806265830994,-1.802910327911377
1772798021100288300,5.095288330078125,0.72028648853302,0.8189550042152405,-1.823350429534912
1772798021110314200,5.105314208984375,0.7256008386611938,0.6687167286872864,-1.8275086879730225
1772798021120341000,5.115341064453125,0.7604805827140808,0.5167131423950195,-1.8510340452194214
1772798021130367200,5.1253671875,0.8142602443695068,0.37741732597351074,-1.928383708000183
1772798021140394200,5.135394287109375,0.8652138113975525,0.2606672942638397,-2.0579757690429688
1772798021150420200,5.145420166015625,0.9106172323226929,0.16231435537338257,-2.1962268352508545
1772798021160447200,5.155447265625,0.9229531288146973,0.0700206384062767,-2.327277421951294
1772798021170474200,5.16547412109375,0.922887921333313,-0.02608751691877842,-2.453866720199585
1772798021180500200,5.175500244140625,0.880803108215332,-0.08252006769180298,-2.5522074699401855
1772798021190525700,5.185525634765625,0.835371196269989,-0.13126789033412933,-2.5515053272247314
1772798021200551700,5.1955517578125,0.8026883006095886,-0.1909329742193222,-2.5125603675842285
1772798021210578700,5.20557861328125,0.7764782905578613,-0.27440041303634644,-2.3513736724853516
1772798021220604700,5.215604736328125,0.7827731370925903,-0.32867351174354553,-2.074646472930908
1772798021230632000,5.2256318359375,0.8756005764007568,-0.2766137719154358,-1.850599765777588
1772798021240658700,5.23565869140625,1.0085384845733643,-0.15374015271663666,-1.7849390506744385
1772798021250684700,5.2456845703125,1.103317379951477,0.024977123364806175,-1.8403035402297974
1772798021260711700,5.255711669921875,1.183522343635559,0.3992842435836792,-1.9897452592849731
1772798021270737700,5.265737548828125,1.3398147821426392,0.7884533405303955,-2.0059142112731934
1772798021280765000,5.275764892578125,1.6562139987945557,0.9170859456062317,-1.5847853422164917
1772798021290791000,5.285791015625,2.139603853225708,0.9372593760490417,-1.1036368608474731
1772798021300817700,5.295817626953125,2.6754839420318604,0.8135381937026978,-1.1257973909378052
1772798021310843600,5.30584375,3.2714929580688477,0.44152918457984924,-1.5808731317520142
1772798021320870700,5.31587060546875,3.771664619445801,-0.19536033272743225,-1.9832355976104736
1772798021330898000,5.32589794921875,4.021076679229736,-0.858380913734436,-1.7638949155807495
1772798021340924000,5.335923828125,4.025524139404297,-1.390677571296692,-0.5146046876907349
1772798021350950700,5.34595068359375,3.706634283065796,-0.7735394835472107,1.1511411666870117
1772798021360976600,5.3559765625,3.105145215988159,0.3176957666873932,2.8920843601226807
1772798021371003600,5.366003662109375,2.6649396419525146,1.098805546760559,3.4398598670959473
1772798021381029600,5.376029541015625,2.409191608428955,1.4416650533676147,3.34121036529541
1772798021391057000,5.386056884765625,2.314119338989258,1.2594846487045288,2.864530563354492
1772798021401083600,5.396083740234375,2.3802552223205566,0.8442611694335938,2.2844157218933105
1772798021411109600,5.406109619140625,2.499690532684326,0.36973702907562256,1.7493162155151367
1772798021421136600,5.41613671875,2.5961837768554688,-0.12442077696323395,1.3106454610824585
1772798021431163000,5.426162841796875,2.6540472507476807,-0.48964667320251465,1.0318326950073242
1772798021441190000,5.43618994140625,2.5977396965026855,-0.7910535335540771,0.9583127498626709
1772798021451216000,5.4462158203125,2.371629476547241,-0.9588332176208496,1.0785346031188965
1772798021461242600,5.45624267578125,2.0172336101531982,-0.8807523846626282,1.3917498588562012
1772798021471269600,5.46626953125,1.6001152992248535,-0.6943191289901733,1.8794056177139282
1772798021481296000,5.4762958984375,1.3197004795074463,-0.4650818407535553,2.4054200649261475
1772798021491323000,5.486322998046875,1.1942805051803589,-0.28637948632240295,2.803877115249634
1772798021501348600,5.4963486328125,1.2131285667419434,-0.1776854693889618,3.0141706466674805
1772798021511375600,5.506375732421875,1.3614463806152344,-0.1361508071422577,2.9848074913024902
1772798021521401600,5.516401611328125,1.5745517015457153,-0.14264585077762604,2.7207367420196533
1772798021531428900,5.526428955078125,1.7756043672561646,-0.14781051874160767,2.2834386825561523
1772798021541456000,5.536455810546875,1.9046239852905273,-0.176364928483963,1.7214341163635254
1772798021551481600,5.546481689453125,1.95022714138031,-0.20747730135917664,1.1165543794631958
1772798021561508600,5.556508544921875,1.9342737197875977,-0.19782401621341705,0.527583122253418
1772798021571534600,5.56653466796875,1.8457566499710083,-0.12559668719768524,-0.01076421607285738
1772798021581561900,5.576561767578125,1.7334306240081787,0.05861601606011391,-0.4645717144012451
1772798021591587800,5.586587890625,1.653149962425232,0.28910088539123535,-0.7996432185173035
1772798021601614600,5.596614501953125,1.5972399711608887,0.5159745216369629,-1.0182372331619263
1772798021611641600,5.6066416015625,1.5498939752578735,0.7298884391784668,-1.1353105306625366
1772798021621667600,5.61666748046875,1.4757559299468994,0.91269850730896,-1.2241793870925903
1772798021631694800,5.62669482421875,1.3629963397979736,1.031557321548462,-1.317075252532959
1772798021641720800,5.636720947265625,1.2236686944961548,1.0932520627975464,-1.439453125
1772798021651747600,5.64674755859375,1.07070791721344,1.0798583030700684,-1.6001256704330444
1772798021661773600,5.656773681640625,0.9182498455047607,0.9941719174385071,-1.7481549978256226
1772798021671800600,5.666800537109375,0.7943435907363892,0.863791823387146,-1.8604665994644165
1772798021681826800,5.676826904296875,0.7098268270492554,0.6737467050552368,-1.931476354598999
1772798021691853800,5.686853759765625,0.6664002537727356,0.4976198971271515,-2.008422374725342
1772798021701880600,5.696880615234375,0.6851940155029297,0.34588468074798584,-2.101033926010132
1772798021711906600,5.706906494140625,0.7678611874580383,0.2714061737060547,-2.1748533248901367
1772798021721933800,5.716933837890625,0.8651726841926575,0.2867822051048279,-2.175053596496582
1772798021731959800,5.726959716796875,0.94014573097229,0.3803419768810272,-2.1297669410705566
1772798021741986800,5.73698681640625,0.9864155650138855,0.5093395113945007,-2.070971727371216
1772798021752012800,5.7470126953125,0.9923698902130127,0.6638819575309753,-1.989418387413025
1772798021762039600,5.75703955078125,0.9617196321487427,0.732020378112793,-1.8522053956985474
1772798021772066800,5.76706689453125,0.9437313079833984,0.7847962379455566,-1.6139099597930908
1772798021782092800,5.7770927734375,0.924574077129364,0.7951470613479614,-1.3582607507705688
1772798021792119800,5.787119873046875,0.9201524257659912,0.7240403890609741,-1.166689157485962
1772798021802145800,5.797145751953125,0.9574794173240662,0.5973972082138062,-1.0721322298049927
1772798021812172500,5.807172607421875,0.9929924011230469,0.39183923602104187,-1.1860703229904175
1772798021822198500,5.817198486328125,1.0508527755737305,0.028465962037444115,-1.6737840175628662
1772798021832225800,5.827225830078125,1.1471407413482666,-0.5322842001914978,-2.386702537536621
1772798021842251800,5.837251708984375,1.230459451675415,-1.0953898429870605,-3.109381675720215
1772798021852278800,5.84727880859375,1.4027491807937622,-1.1896854639053345,-3.7914185523986816
1772798021862305500,5.857305419921875,1.6097688674926758,-0.542992353439331,-3.8190524578094482
1772798021872331500,5.86733154296875,1.6315934658050537,0.4268454313278198,-2.5499656200408936
1772798021882358800,5.87735888671875,1.670762538909912,1.0066215991973877,-0.2993209660053253
1772798021892384800,5.887384765625,1.57932448387146,1.1976454257965088,1.6466058492660522
1772798021902411800,5.897411865234375,1.7343858480453491,0.9827612638473511,2.6413965225219727
1772798021912437800,5.907437744140625,2.0363948345184326,0.41681212186813354,2.676384687423706
1772798021922464500,5.917464599609375,2.5313074588775635,0.003070979146286845,2.4816722869873047
1772798021932491800,5.92749169921875,3.0392282009124756,-0.013548212125897408,2.6033613681793213
1772798021942517800,5.937517822265625,3.2694149017333984,0.21436114609241486,2.55973482131958
1772798021952544800,5.947544677734375,3.4651787281036377,0.1808929294347763,2.169434070587158
1772798021962570800,5.95757080078125,3.5376157760620117,-0.15842591226100922,1.6255156993865967
1772798021972597800,5.96759765625,3.4326250553131104,-0.5439869165420532,1.1177164316177368
1772798021982623700,5.977623779296875,3.043178081512451,-0.7455441951751709,0.7144471406936646
1772798021992650800,5.987650634765625,2.536003351211548,-0.6377213001251221,0.5091280341148376
1772798022002676700,5.9976767578125,2.037874460220337,-0.37936705350875854,0.4955221712589264
1772798022012703700,6.007703857421875,1.5601714849472046,-0.20675109326839447,0.7244371175765991
1772798022022730800,6.017730712890625,1.1620407104492188,-0.10955660045146942,1.068078637123108
1772798022032756700,6.0277568359375,0.8627618551254272,-0.09660831093788147,1.4344667196273804
1772798022042783700,6.03778369140625,0.6648486256599426,-0.13024663925170898,1.7652987241744995
1772798022052809700,6.047809814453125,0.563796877861023,-0.0983630046248436,2.0544631481170654
1772798022062836700,6.057836669921875,0.5831275582313538,0.0650860071182251,2.2322726249694824
1772798022072862700,6.06786279296875,0.6106995344161987,0.20171229541301727,2.2413690090179443
1772798022082889700,6.0778896484375,0.6654056906700134,0.21973884105682373,2.058774948120117
1772798022092916700,6.087916748046875,0.755098819732666,0.16291123628616333,1.7353618144989014
1772798022102942700,6.097942626953125,0.878041684627533,0.06086863577365875,1.32809317111969
1772798022112969700,6.1079697265625,1.0048025846481323,-0.031196843832731247,0.8979657292366028
1772798022122995700,6.11799560546875,1.137096881866455,-0.07098183035850525,0.4697411358356476
1772798022133022700,6.128022705078125,1.2700711488723755,-0.06793997436761856,0.03114938922226429
1772798022143048700,6.138048583984375,1.3727272748947144,0.0074247149750590324,-0.3821742832660675
1772798022153075700,6.14807568359375,1.4447723627090454,0.12202373147010803,-0.7877974510192871
1772798022163101700,6.158101806640625,1.4476243257522583,0.20760883390903473,-1.1359893083572388
1772798022173128700,6.168128662109375,1.3762202262878418,0.22290310263633728,-1.4210671186447144
1772798022183155000,6.178155029296875,1.2603073120117188,0.18461933732032776,-1.6656584739685059
1772798022193182500,6.188182373046875,1.122117280960083,0.13526669144630432,-1.8686363697052002
1772798022203209700,6.198209716796875,0.9846811294555664,0.08867853134870529,-2.0237109661102295
1772798022213235700,6.208235595703125,0.8608279228210449,0.03275801241397858,-2.1310043334960938
1772798022223262500,6.218262451171875,0.7577938437461853,-0.00044742273166775703,-2.1729214191436768
1772798022233288400,6.228288330078125,0.6734027862548828,-0.019614726305007935,-2.1551012992858887
1772798022243315500,6.2383154296875,0.6167565584182739,-0.037013597786426544,-2.105598211288452
1772798022253341700,6.248341796875,0.5840681195259094,-0.05422054976224899,-2.041445732116699
1772798022263368700,6.25836865234375,0.5654297471046448,-0.09163714200258255,-1.9809831380844116
1772798022273395500,6.2683955078125,0.5617902874946594,-0.13193637132644653,-1.919904351234436
1772798022283421400,6.27842138671875,0.5779008865356445,-0.16707000136375427,-1.8524912595748901
1772798022293448400,6.288448486328125,0.6528752446174622,-0.1467980146408081,-1.7831097841262817
1772798022303474700,6.298474609375,0.7702304124832153,-0.09236963093280792,-1.6798896789550781
1772798022313501700,6.308501708984375,0.8760524392127991,-0.012900112196803093,-1.4761255979537964
1772798022323527700,6.318527587890625,0.9583746790885925,0.09339940547943115,-1.1956171989440918
1772798022333554400,6.328554443359375,0.9864692091941833,0.20181137323379517,-0.9303399324417114
1772798022343580400,6.338580322265625,0.9587903618812561,0.2496916651725769,-0.7284948825836182
1772798022353607700,6.348607666015625,0.8850224018096924,0.25263047218322754,-0.6827864646911621
1772798022363634700,6.358634765625,0.803557276725769,0.28585085272789,-0.7687334418296814
1772798022373660700,6.36866064453125,0.7447677254676819,0.30926695466041565,-0.8566076159477234
1772798022383687400,6.3786875,0.7588862180709839,0.24932895600795746,-0.9029472470283508
1772798022393713400,6.38871337890625,0.9137468934059143,0.2225487381219864,-0.820970892906189
1772798022403740700,6.39874072265625,1.2450841665267944,0.3338813781738281,-0.39038509130477905
1772798022413766700,6.4087666015625,1.5855965614318848,0.540647566318512,0.10216335952281952
1772798022423793700,6.418793701171875,1.7569453716278076,0.7307024002075195,0.03829798474907875
1772798022433819600,6.428819580078125,1.8694226741790771,0.6041558980941772,-0.5259344577789307
1772798022443846400,6.438846435546875,1.9647663831710815,0.08795137703418732,-0.9820065498352051
1772798022453873700,6.448873779296875,1.9254884719848633,-0.5493073463439941,-0.9606536030769348
1772798022463899600,6.458899658203125,1.820650577545166,-0.9963567852973938,-0.37608903646469116
1772798022473926700,6.4689267578125,1.7944258451461792,-0.8829609751701355,0.6762892007827759
1772798022483952600,6.47895263671875,1.6027292013168335,-0.3544067442417145,1.665735125541687
1772798022493979400,6.4889794921875,1.3126115798950195,0.2133381962776184,2.2678110599517822
1772798022504005600,6.499005615234375,1.0974136590957642,0.7449385523796082,2.5057806968688965
1772798022514032600,6.50903271484375,1.0077368021011353,1.1628695726394653,2.5173277854919434
1772798022524058600,6.51905859375,1.0106608867645264,1.3602701425552368,2.366490125656128
1772798022534085600,6.529085693359375,1.0795727968215942,1.3410954475402832,2.13993239402771
1772798022544111600,6.539111572265625,1.1685819625854492,1.1320618391036987,1.786316990852356
1772798022554138600,6.549138671875,1.24136483669281,0.7125025987625122,1.2132666110992432
1772798022564165600,6.55916552734375,1.2833001613616943,0.11818450689315796,0.5167521834373474
1772798022574191600,6.569191650390625,1.2576647996902466,-0.41178402304649353,-0.006338209845125675
1772798022584218600,6.579218505859375,1.1351648569107056,-0.7646268606185913,-0.25602492690086365
1772798022594244600,6.58924462890625,0.9528835415840149,-0.8927305340766907,-0.18607673048973083
1772798022604271600,6.599271728515625,0.7291087508201599,-0.7788166403770447,0.10525932163000107
1772798022614297600,6.609297607421875,0.5228977799415588,-0.5877662301063538,0.4655059278011322
1772798022624324600,6.61932470703125,0.41323432326316833,-0.3520714044570923,0.7566095590591431
1772798022634351600,6.6293515625,0.36671528220176697,-0.13423092663288116,0.8940792679786682
1772798022644377300,6.63937744140625,0.3712310791015625,0.08825615048408508,0.8965438008308411
1772798022654404600,6.649404541015625,0.4004078805446625,0.21880829334259033,0.806726336479187
1772798022664430600,6.6594306640625,0.42130401730537415,0.2602401673793793,0.6383581757545471
1772798022674457600,6.66945751953125,0.4152863323688507,0.2321273237466812,0.38184860348701477
1772798022684483600,6.679483642578125,0.3935719132423401,0.16180293262004852,0.0678732767701149
1772798022694510300,6.68951025390625,0.37836953997612,0.10915783792734146,-0.24952039122581482
1772798022704536300,6.699536376953125,0.3670642077922821,0.03914998471736908,-0.49951836466789246
1772798022714563600,6.7095634765625,0.3579239845275879,0.007664496544748545,-0.6304505467414856
1772798022724589600,6.719589599609375,0.3398899435997009,0.021827859804034233,-0.7082794308662415
1772798022734616600,6.729616455078125,0.3064241111278534,0.06344906985759735,-0.7628018260002136
1772798022744643300,6.739643310546875,0.29629331827163696,0.10545247048139572,-0.8273026347160339
1772798022754669600,6.749669677734375,0.315263569355011,0.13647083938121796,-0.9001736044883728
1772798022764696600,6.759696533203125,0.34525537490844727,0.19101981818675995,-0.9406405091285706
1772798022774722600,6.76972265625,0.3601352572441101,0.24808363616466522,-0.9636289477348328
1772798022784749600,6.77974951171875,0.3666713535785675,0.29889756441116333,-0.9748329520225525
1772798022794775600,6.789775634765625,0.34478098154067993,0.3308781385421753,-0.9503566026687622
1772798022804802600,6.799802490234375,0.32139548659324646,0.3409917652606964,-0.9149256944656372
1772798022814828500,6.80982861328125,0.291912704706192,0.3648480772972107,-0.8718909025192261
1772798022824855600,6.81985546875,0.2551939785480499,0.39624011516571045,-0.8251573443412781
1772798022834882600,6.829882568359375,0.20610472559928894,0.38041532039642334,-0.7576531171798706
1772798022844908500,6.839908447265625,0.16014978289604187,0.3134322762489319,-0.6762193441390991
1772798022854935600,6.849935546875,0.13594084978103638,0.21967169642448425,-0.5911726355552673
1772798022864961500,6.85996142578125,0.13369569182395935,0.1275186389684677,-0.4920186400413513
1772798022874988500,6.869988525390625,0.14402635395526886,0.08577785640954971,-0.38539499044418335
1772798022885014500,6.8800146484375,0.15908750891685486,0.0594550296664238,-0.3046557307243347
1772798022895041500,6.89004150390625,0.1762838065624237,0.04880824312567711,-0.236753910779953
1772798022905067500,6.900067626953125,0.16481879353523254,0.04912365972995758,-0.17601583898067474
1772798022915094500,6.910094482421875,0.1362563818693161,0.08227869123220444,-0.14348745346069336
1772798022925120500,6.92012060546875,0.1332351565361023,0.14206264913082123,-0.14754629135131836
1772798022935147500,6.9301474609375,0.15464112162590027,0.1656486690044403,-0.16308583319187164
1772798022945174500,6.940174560546875,0.2502886652946472,0.18294669687747955,-0.2562437951564789
1772798022955200800,6.95020068359375,0.42607221007347107,0.19662390649318695,-0.5003297328948975
1772798022965227500,6.9602275390625,0.5356804728507996,0.0656653568148613,-0.9097132086753845
1772798022975253500,6.97025341796875,0.5177081227302551,-0.3013262152671814,-1.4237549304962158
1772798022985280500,6.980280517578125,0.4541027247905731,-0.8320072889328003,-1.9402424097061157
1772798022995306500,6.990306396484375,0.40806013345718384,-1.5521018505096436,-2.119845151901245
1772798023005333800,7.000333740234375,0.4904412031173706,-1.9146119356155396,-1.560286521911621
1772798023015359700,7.01035986328125,0.500343382358551,-1.5879693031311035,-0.28832271695137024
1772798023025386500,7.020386474609375,0.327539324760437,-0.7148650884628296,1.2387921810150146
1772798023035413500,7.03041357421875,0.08160490542650223,0.26742032170295715,2.4354066848754883
1772798023045439500,7.040439453125,-0.07223490625619888,0.8893166184425354,2.995396852493286
1772798023055466800,7.050466796875,-0.18864832818508148,1.0732414722442627,2.9171102046966553
1772798023065492700,7.06049267578125,-0.23826253414154053,0.8765093684196472,2.348583459854126
1772798023075519500,7.07051953125,-0.1865130513906479,0.5049136877059937,1.5722134113311768
1772798023085545500,7.08054541015625,-0.10161402076482773,0.09458566457033157,0.875640332698822
1772798023095572500,7.090572509765625,-0.030249828472733498,-0.23305398225784302,0.41477635502815247
1772798023105598500,7.100598388671875,-0.008540710434317589,-0.38085153698921204,0.1853960156440735
1772798023115625700,7.110625732421875,-0.02576497197151184,-0.4042857587337494,0.10569985955953598
1772798023125651700,7.120651611328125,-0.05922769755125046,-0.3744916319847107,0.10110338777303696
1772798023135678500,7.130678466796875,-0.079920195043087,-0.2807843089103699,0.1789899319410324
1772798023145705500,7.14070556640625,-0.12602630257606506,-0.18933776021003723,0.3319720923900604
1772798023155731500,7.1507314453125,-0.15386778116226196,-0.05337034910917282,0.5521260499954224
1772798023165758700,7.1607587890625,-0.21070261299610138,0.051086410880088806,0.7923004627227783
1772798023175784700,7.17078466796875,-0.27291083335876465,0.15536753833293915,1.0467857122421265
1772798023185811500,7.1808115234375,-0.3302190601825714,0.229538694024086,1.2502758502960205
1772798023195838000,7.190837890625,-0.31518790125846863,0.27560552954673767,1.3305491209030151
1772798023205865000,7.200864990234375,-0.24955521523952484,0.2308652251958847,1.244571566581726
1772798023215891000,7.210890869140625,-0.19568771123886108,0.15447591245174408,1.0348232984542847
1772798023225917700,7.220917724609375,-0.12551289796829224,0.07435684651136398,0.7451843619346619
1772798023235944000,7.23094384765625,-0.07981706410646439,-0.014383940026164055,0.45896539092063904
1772798023245971000,7.240970947265625,-0.06948293000459671,-0.0622260607779026,0.21224208176136017
1772798023255998000,7.250998046875,-0.07835844904184341,-0.06680615991353989,-0.027998214587569237
1772798023266024000,7.26102392578125,-0.09773743152618408,-0.07757928222417831,-0.25602638721466064
1772798023276051000,7.271051025390625,-0.12214077264070511,-0.07839873433113098,-0.4257773458957672
1772798023286077000,7.281076904296875,-0.14513123035430908,-0.08429791033267975,-0.550117015838623
1772798023296104000,7.29110400390625,-0.15175530314445496,-0.10656992346048355,-0.6691949367523193
1772798023306130000,7.3011298828125,-0.15043248236179352,-0.10908128321170807,-0.8133981823921204
1772798023316157000,7.311156982421875,-0.1554163247346878,-0.134209543466568,-0.9855222702026367
1772798023326183000,7.321182861328125,-0.17249304056167603,-0.18753470480442047,-1.1286977529525757
1772798023336210000,7.3312099609375,-0.18825840950012207,-0.22556783258914948,-1.2054246664047241
1772798023346236000,7.34123583984375,-0.21215519309043884,-0.24890577793121338,-1.2233184576034546
1772798023356263000,7.351262939453125,-0.23738332092761993,-0.24987757205963135,-1.1878291368484497
1772798023366290000,7.3612900390625,-0.24642515182495117,-0.2331848442554474,-1.1191329956054688
1772798023376316000,7.37131591796875,-0.25273579359054565,-0.23890717327594757,-1.052296757698059
1772798023386343000,7.381343017578125,-0.2559967339038849,-0.2562263011932373,-0.983462929725647
1772798023396369000,7.391368896484375,-0.2803036868572235,-0.2666727900505066,-0.9073969125747681
1772798023406396000,7.40139599609375,-0.34273597598075867,-0.17511211335659027,-0.8220441937446594
1772798023416422000,7.411421875,-0.4231133759021759,-0.0670226588845253,-0.7418673634529114
1772798023426449000,7.421448974609375,-0.5073055624961853,-0.021655695512890816,-0.6695780754089355
1772798023436475100,7.43147509765625,-0.5653589963912964,-0.030920565128326416,-0.6008964776992798
1772798023446502000,7.441501953125,-0.6068232655525208,-0.09505310654640198,-0.5433109998703003
1772798023456528000,7.45152783203125,-0.6408424973487854,-0.2084486484527588,-0.4597535729408264
1772798023466555000,7.461554931640625,-0.648643434047699,-0.3077715039253235,-0.370697945356369
1772798023476582100,7.47158203125,-0.5938481092453003,-0.3061978220939636,-0.325271338224411
1772798023486608100,7.481608154296875,-0.4737520217895508,-0.2579209506511688,-0.30440083146095276
1772798023496635000,7.491634765625,-0.3399076461791992,-0.1038440614938736,-0.34953102469444275
1772798023506660900,7.501660888671875,-0.3278811275959015,0.195598304271698,-0.7093245983123779
1772798023516688000,7.51168798828125,-0.411825567483902,0.2246912121772766,-1.4047257900238037
1772798023526713900,7.5217138671875,-0.459771990776062,-0.07111315429210663,-2.0133934020996094
1772798023536741000,7.5317412109375,-0.5664097666740417,-0.47149065136909485,-2.2905004024505615
1772798023546767000,7.54176708984375,-0.716323971748352,-0.7305059432983398,-1.9006705284118652
1772798023556793900,7.5517939453125,-0.8221036791801453,-0.5844494104385376,-0.7318390011787415
1772798023566819800,7.56181982421875,-0.9410194754600525,-0.1085786372423172,0.7879678010940552
1772798023576846800,7.571846923828125,-1.0766018629074097,0.3796434998512268,1.987420916557312
1772798023586872800,7.581872802734375,-1.1116163730621338,0.7141371965408325,2.6207997798919678
1772798023596900000,7.591900146484375,-1.1300992965698242,0.7868561148643494,2.701392412185669
1772798023606926800,7.6019267578125,-1.187972903251648,0.69867342710495,2.3328683376312256
1772798023616952800,7.611952880859375,-1.237044334411621,0.4775804877281189,1.7634830474853516
1772798023626979800,7.621979736328125,-1.1984167098999023,0.2115774154663086,1.2703362703323364
1772798023637006000,7.632006103515625,-1.1120333671569824,0.002740314695984125,0.9533779621124268
1772798023647033000,7.642033203125,-1.0034048557281494,-0.06836036592721939,0.805592954158783
1772798023657059000,7.65205908203125,-0.9300982356071472,-0.03087344579398632,0.739977240562439
1772798023667085800,7.6620859375,-0.8799550533294678,0.026797741651535034,0.6465510129928589
1772798023677111800,7.67211181640625,-0.8351598978042603,0.09129737317562103,0.5542844533920288
1772798023687139000,7.68213916015625,-0.841679573059082,0.15090179443359375,0.5292806625366211
1772798023697165000,7.6921650390625,-0.8488932847976685,0.23994192481040955,0.6096493005752563
1772798023707192000,7.702192138671875,-0.836357831954956,0.2762710452079773,0.7512668371200562
1772798023717218800,7.71221875,-0.8425866961479187,0.24760611355304718,0.9012568593025208
1772798023727244800,7.722244873046875,-0.8017570376396179,0.16275367140769958,1.006765365600586
1772798023737272000,7.73227197265625,-0.7201223969459534,0.04769764840602875,0.9864105582237244
1772798023747298000,7.742298095703125,-0.6228196024894714,0.0015280270017683506,0.9269751906394958
1772798023757325000,7.752324951171875,-0.6306580305099487,0.0028265840373933315,0.8867143392562866
1772798023767351000,7.76235107421875,-0.6652799844741821,0.052521560341119766,0.8819575905799866
1772798023777377800,7.772377685546875,-0.7041211128234863,0.1286003440618515,0.8848982453346252
1772798023787403800,7.78240380859375,-0.7325352430343628,0.20837149024009705,0.8009892106056213
1772798023797431000,7.79243115234375,-0.7843068242073059,0.20984502136707306,0.64739590883255
1772798023807457000,7.80245703125,-0.8357900381088257,0.1800483763217926,0.4737968146800995
1772798023817483800,7.81248388671875,-0.8704587817192078,0.12425807863473892,0.28185853362083435
1772798023827509800,7.822509765625,-0.8823691010475159,0.052800532430410385,0.059024885296821594
1772798023837537000,7.832537109375,-0.8695313334465027,0.023675138130784035,-0.1691073477268219
1772798023847564000,7.84256396484375,-0.8365891575813293,0.0017464146949350834,-0.38860976696014404
1772798023857590000,7.852590087890625,-0.7909119725227356,-0.014217903837561607,-0.586988627910614
1772798023867616800,7.86261669921875,-0.7443944811820984,-0.043815191835165024,-0.7901151180267334
1772798023877642800,7.872642822265625,-0.7040944695472717,-0.08726999163627625,-0.9836233258247375
1772798023887670000,7.882669921875,-0.6942873001098633,-0.13556469976902008,-1.139879822731018
1772798023897696000,7.892696044921875,-0.7191969156265259,-0.18460069596767426,-1.2475234270095825
1772798023907723000,7.902722900390625,-0.7790431976318359,-0.22754496335983276,-1.3044216632843018
1772798023917749000,7.9127490234375,-0.8521573543548584,-0.24464724957942963,-1.3229575157165527
1772798023927775700,7.922775634765625,-0.9420107007026672,-0.2415807545185089,-1.3024662733078003
1772798023937801700,7.9328017578125,-1.0513906478881836,-0.23078536987304688,-1.2325012683868408
1772798023947829000,7.9428291015625,-1.169609546661377,-0.22152608633041382,-1.0970252752304077
1772798023957855000,7.95285498046875,-1.2605074644088745,-0.22244833409786224,-0.9600883722305298
1772798023967882000,7.962882080078125,-1.333739995956421,-0.2225058376789093,-0.883038341999054
1772798023977908700,7.97290869140625,-1.363169550895691,-0.22529976069927216,-0.8616368770599365
1772798023987934700,7.982934814453125,-1.3336985111236572,-0.24297545850276947,-0.8707680106163025
1772798023997962000,7.9929619140625,-1.2840675115585327,-0.2966701090335846,-0.9045895934104919
1772798024007988000,8.002988037109375,-1.29306960105896,-0.30445942282676697,-0.9513334631919861
1772798024018015000,8.013014892578125,-1.3626669645309448,-0.2070884257555008,-0.986229658126831
1772798024028041000,8.023041015625,-1.4481061697006226,-0.1261385977268219,-0.9308934211730957
1772798024038067700,8.033067626953125,-1.4727801084518433,-0.06354817748069763,-0.6933503746986389
1772798024048094000,8.043093994140625,-1.4475829601287842,0.21271616220474243,-0.27063533663749695
1772798024058121000,8.053120849609375,-1.4494215250015259,0.7305217385292053,0.08784664422273636
1772798024068147000,8.06314697265625,-1.577933430671692,1.0699913501739502,-0.03593558445572853
1772798024078174000,8.073174072265624,-1.7346769571304321,0.7138192057609558,-0.6340874433517456
1772798024088200000,8.083199951171874,-1.7311443090438843,-0.1864520013332367,-1.5120960474014282
1772798024098227000,8.09322705078125,-1.6281849145889282,-1.1193844079971313,-2.3959896564483643
1772798024108254000,8.10325390625,-1.2877641916275024,-1.7398207187652588,-2.6266818046569824
1772798024118280000,8.113280029296876,-0.9761410355567932,-1.6787238121032715,-1.6946059465408325
1772798024128307000,8.123306884765626,-0.998279333114624,-0.796416699886322,0.06783377379179001
1772798024138333000,8.1333330078125,-1.258541226387024,0.18270990252494812,2.0785105228424072
1772798024148360000,8.14335986328125,-1.5534776449203491,0.5917957425117493,3.464381694793701
1772798024158386000,8.153385986328125,-1.800123929977417,0.5970325469970703,3.840933322906494
1772798024168413000,8.163412841796875,-1.970999836921692,0.4049541652202606,3.3948512077331543
1772798024178439000,8.17343896484375,-2.022104024887085,0.09556116908788681,2.5311596393585205
1772798024188466000,8.1834658203125,-2.006716012954712,-0.12128178775310516,1.7439677715301514
1772798024198491400,8.193491455078124,-1.9688177108764648,-0.08172984421253204,1.3745298385620117
1772798024208518100,8.20351806640625,-1.9062141180038452,0.13254770636558533,1.3472157716751099
1772798024218544000,8.213544189453126,-1.8131870031356812,0.36310529708862305,1.4327019453048706
1772798024228571400,8.2235712890625,-1.6798977851867676,0.5040774345397949,1.4455238580703735
1772798024238598400,8.233598388671876,-1.5603998899459839,0.48118892312049866,1.3410500288009644
1772798024248624400,8.243624267578125,-1.4423092603683472,0.3281759023666382,1.148311734199524
1772798024258651100,8.253651123046875,-1.3384026288986206,0.13586026430130005,0.9551547169685364
1772798024268677000,8.263677001953125,-1.2890374660491943,-0.0592300146818161,0.8390232920646667
1772798024278704400,8.273704345703125,-1.2768439054489136,-0.17701202630996704,0.8642764687538147
1772798024288730400,8.28373046875,-1.3036705255508423,-0.24423529207706451,1.0063704252243042
1772798024298757400,8.29375732421875,-1.3759143352508545,-0.30354443192481995,1.1690043210983276
1772798024308783400,8.303783447265625,-1.414388656616211,-0.308999240398407,1.292483925819397
1772798024318810000,8.31381005859375,-1.4284354448318481,-0.2913360893726349,1.3180791139602661
1772798024328836000,8.323836181640624,-1.4247198104858398,-0.24692067503929138,1.2712756395339966
1772798024338863400,8.33386328125,-1.4030972719192505,-0.21807225048542023,1.1389634609222412
1772798024348889300,8.343889404296876,-1.3517522811889648,-0.2175176441669464,0.964752197265625
1772798024358916400,8.353916259765626,-1.28695809841156,-0.20705674588680267,0.7869526743888855
1772798024368942300,8.3639423828125,-1.2116113901138306,-0.19104939699172974,0.5773223638534546
1772798024378969000,8.373968994140625,-1.1386858224868774,-0.1655632108449936,0.3225753605365753
1772798024388996400,8.383996337890625,-1.092470407485962,-0.09954920411109924,0.09738044440746307
1772798024399022300,8.394022216796875,-1.0819571018218994,-0.014615397900342941,-0.051467619836330414
1772798024409049300,8.40404931640625,-1.1167656183242798,0.02105233259499073,-0.1364142745733261
1772798024419075300,8.414075439453125,-1.1592658758163452,0.05565638095140457,-0.19532126188278198
1772798024429102300,8.424102294921875,-1.1880457401275635,0.03889230638742447,-0.2673191428184509
1772798024439128300,8.43412841796875,-1.2001806497573853,0.005169230047613382,-0.32808929681777954
1772798024449155300,8.4441552734375,-1.1777254343032837,0.07848750054836273,-0.34585604071617126
1772798024459181300,8.454181396484374,-1.2745095491409302,0.332263320684433,-0.13447719812393188
1772798024469208300,8.464208251953124,-1.3531626462936401,0.20091557502746582,-0.06780677288770676
1772798024479234300,8.474234375,-1.3753623962402344,-0.018296144902706146,-0.09036614745855331
1772798024489261300,8.48426123046875,-1.3688498735427856,-0.10726768523454666,-0.10574282705783844
1772798024499287300,8.494287353515626,-1.3662850856781006,-0.22707878053188324,-0.18319180607795715
1772798024509314300,8.504314208984376,-1.37617826461792,-0.3841557800769806,-0.2550983726978302
1772798024519340300,8.51434033203125,-1.395577311515808,-0.502220630645752,-0.27468088269233704
1772798024529367300,8.5243671875,-1.4151772260665894,-0.5624462366104126,-0.28268224000930786
1772798024539394300,8.534394287109375,-1.4315953254699707,-0.5730019211769104,-0.28423193097114563
1772798024549420300,8.544420166015625,-1.4406712055206299,-0.5390793085098267,-0.27032509446144104
1772798024559447300,8.554447265625,-1.4308476448059082,-0.5007691979408264,-0.28694722056388855
1772798024569473300,8.564473388671875,-1.4027154445648193,-0.514779269695282,-0.3540914058685303
1772798024579500300,8.574500244140625,-1.3897778987884521,-0.6246703267097473,-0.45402172207832336
1772798024589526500,8.584526611328124,-1.3808579444885254,-0.776773989200592,-0.6392579674720764
1772798024599553300,8.59455322265625,-1.3450043201446533,-0.7749699950218201,-0.8102739453315735
1772798024609579300,8.604579345703126,-1.3500192165374756,-0.5539693236351013,-0.8887680172920227
1772798024619606300,8.614606201171876,-1.44644296169281,-0.41052931547164917,-0.9220125079154968
1772798024629632300,8.62463232421875,-1.499968409538269,-0.5623676776885986,-1.005191445350647
1772798024639659500,8.634659423828126,-1.5067267417907715,-0.8531779646873474,-1.189139485359192
